2	5	8	11	14	17	
2	5	8	11	14	17	

305	305	305	305	305	305	
-1315	950	950	950	950	950	
-2935	-670	1595	1595	1595	1595	
-4555	-2290	-25	2240	2240	2240	
-6175	-3910	-1645	620	2885	2885	
-7795	-5530	-3265	-1000	1265	3530	

Wald (MM)	305	1
Bayes-Laplace (BL)	575.75	3
Savage (S)	2580	2
Hurwitz (HW)	305.0	1
Mul (P)	628477403233487500000	6
Hodge-Lehmann (HL)	305.0	1
Germejer (G)	-1290.5	2

HW
[((0, 3530), (0.2847682119205298, 305.0)), ((0.2847682119205298, 305.0), (1, 305))]
[(0.2847682119205298, 305.0)]

Point  (0.2847682119205298, 305.0)
305.0
305.0
305.0
305.0
305.0
305.0


HL
[((0, 305.0), (0.8940397350993378, 305.0)), ((0.8940397350993378, 305.0), (0.9536423841059603, 413.0)), ((0.9536423841059603, 413.0), (1, 575.75))]
[(0.8940397350993378, 305.0), (0.9536423841059603, 413.0)]

Point  (0.8940397350993378, 305.0)
305.0
305.0
203.75000000000006
1.2500000000000568
-403.74999999999994
-1821.25

Point  (0.9536423841059603, 413.0)
305.0
413.0
412.9999999999999
304.9999999999999
-19.000000000000057
-1423.0

