Original Matrix
100	650	15	26	70	
8	600	2	66	55	
80	550	5	15	80	
100	350	18	78	40	
4	300	2.5	45	80	
30	499	7	29	60	
10	300	2	64	95	
30	350	6	33	80	
10	300	3	64	90	

Matrix with reverses
100	650	21	130	70	
8	700	34	90	55	
80	750	31	141	80	
100	950	18	78	40	
4	1000	33.5	111	80	
30	801	29	127	60	
10	1000	34	92	95	
30	950	30	123	80	
10	1000	33	92	90	

([0, 2, 3, 4, 5, 6, 7], [0, 1, 2, 3, 4], 9, 5) [('A7', '->', 2), ('A7', '->', 9)]
[100, 650, 21, 130, 70]
[80, 750, 31, 141, 80]
[100, 950, 18, 78, 40]
[4, 1000, 33.5, 111, 80]
[30, 801, 29, 127, 60]
[10, 1000, 34, 92, 95]
[30, 950, 30, 123, 80]

1	0.33	1	2	4	
18014398509481984/5944751508129055	1	2	4	4	
1/1	1/2	1	2	2	
1/2	1/4	1/2	1	2	
1/4	1/4	1/2	1/2	1	

Eigen vector: 
0.3923428377631716	0.8060708940744333	0.36357880215080113	0.20954696761938335	0.14218767305956936	

Lmax =  5.122483371669779
IS[0], OS[1]:  (0.030620842917444824, 0.02734003831914716)

Matrix for K1
1.0	1.25	1.0	25.0	3.3333333333333335	10.0	3.3333333333333335	
0.8	1.0	0.8	20.0	2.6666666666666665	8.0	2.6666666666666665	
1.0	1.25	1.0	25.0	3.3333333333333335	10.0	3.3333333333333335	
0.04	0.05	0.04	1.0	0.13333333333333333	0.4	0.13333333333333333	
0.3	0.375	0.3	7.5	1.0	3.0	1.0	
0.1	0.125	0.1	2.5	0.3333333333333333	1.0	0.3333333333333333	
0.3	0.375	0.3	7.5	1.0	3.0	1.0	

Eigen vector: 
0.28248587570621464
0.22598870056497172
0.28248587570621464
0.011299435028248586
0.08474576271186439
0.028248587570621465
0.08474576271186439
Lmax =  6.999999999999999
79.41496982486375 6.999999999999999
[4.159892312818319, 3.327913850254655, 4.159892312818319, 0.16639569251273276, 1.2479676938454953, 0.41598923128183185, 1.2479676938454953]
IS[0], OS[1]:  (-1.4802973661668753e-16, -1.121437398611269e-16)

Matrix for K2
1.0	0.8666666666666667	0.6842105263157895	0.65	0.8114856429463171	0.65	0.6842105263157895	
1.1538461538461537	1.0	0.7894736842105263	0.75	0.9363295880149812	0.75	0.7894736842105263	
1.4615384615384615	1.2666666666666666	1.0	0.95	1.1860174781523096	0.95	1.0	
1.5384615384615385	1.3333333333333333	1.0526315789473684	1.0	1.2484394506866416	1.0	1.0526315789473684	
1.2323076923076923	1.068	0.8431578947368421	0.801	1.0	0.801	0.8431578947368421	
1.5384615384615385	1.3333333333333333	1.0526315789473684	1.0	1.2484394506866416	1.0	1.0526315789473684	
1.4615384615384615	1.2666666666666666	1.0	0.95	1.1860174781523096	0.95	1.0	

Eigen vector: 
0.10653991148991968
0.12293066710375349
0.1557121783314211
0.16390755613833796
0.13128995246680875
0.16390755613833796
0.1557121783314211
Lmax =  7.0
49.56847832052886 7.0
[1.9523041023353818, 2.2526585796177483, 2.8533675341824813, 3.0035447728236644, 2.4058393630317556, 3.0035447728236644, 2.8533675341824813]
IS[0], OS[1]:  (0.0, 0.0)

Matrix for K3
1.0	0.6774193548387096	1.1666666666666667	0.6268656716417911	0.7241379310344828	0.6176470588235294	0.7	
1.4761904761904763	1.0	1.7222222222222223	0.9253731343283582	1.0689655172413792	0.9117647058823529	1.0333333333333334	
0.8571428571428571	0.5806451612903226	1.0	0.5373134328358209	0.6206896551724138	0.5294117647058824	0.6	
1.5952380952380953	1.0806451612903225	1.8611111111111112	1.0	1.1551724137931034	0.9852941176470589	1.1166666666666667	
1.380952380952381	0.9354838709677419	1.6111111111111112	0.8656716417910447	1.0	0.8529411764705882	0.9666666666666667	
1.619047619047619	1.096774193548387	1.8888888888888888	1.0149253731343284	1.1724137931034482	1.0	1.1333333333333333	
1.4285714285714286	0.967741935483871	1.6666666666666667	0.8955223880597015	1.0344827586206897	0.8823529411764706	1.0	

Eigen vector: 
0.10687022900763357
0.15776081424936386
0.0916030534351145
0.17048346055979643
0.14758269720101783
0.17302798982188292
0.15267175572519084
Lmax =  7.000000000000001
50.19012089841962 7.000000000000001
[1.9393798054663625, 2.8628939985455832, 1.6623255475425966, 3.093772546815388, 2.678191159929739, 3.139948256469349, 2.7705425792376612]
IS[0], OS[1]:  (1.4802973661668753e-16, 1.121437398611269e-16)

Matrix for K4
1.0	0.9219858156028369	1.6666666666666667	1.1711711711711712	1.0236220472440944	1.4130434782608696	1.056910569105691	
1.0846153846153845	1.0	1.8076923076923077	1.2702702702702702	1.110236220472441	1.5326086956521738	1.146341463414634	
0.6	0.5531914893617021	1.0	0.7027027027027027	0.6141732283464567	0.8478260869565217	0.6341463414634146	
0.8538461538461538	0.7872340425531915	1.4230769230769231	1.0	0.8740157480314961	1.2065217391304348	0.9024390243902439	
0.9769230769230769	0.900709219858156	1.6282051282051282	1.1441441441441442	1.0	1.3804347826086956	1.032520325203252	
0.7076923076923077	0.6524822695035462	1.1794871794871795	0.8288288288288288	0.7244094488188977	1.0	0.7479674796747967	
0.9461538461538461	0.8723404255319149	1.5769230769230769	1.1081081081081081	0.968503937007874	1.3369565217391304	1.0	

Eigen vector: 
0.16209476309226933
0.1758104738154613
0.09725685785536159
0.1384039900249376
0.1583541147132169
0.11471321695760602
0.15336658354114713
Lmax =  7.0
49.902073683457246 7.0
[2.9538605013765094, 3.2038025438006748, 1.7723163008259055, 2.5221424280984035, 2.8856944898062813, 2.0904243548202994, 2.7948064743793126]
IS[0], OS[1]:  (0.0, 0.0)

Matrix for K5
1.0	0.875	1.75	0.875	1.1666666666666667	0.7368421052631579	0.875	
1.1428571428571428	1.0	2.0	1.0	1.3333333333333333	0.8421052631578947	1.0	
0.5714285714285714	0.5	1.0	0.5	0.6666666666666666	0.42105263157894735	0.5	
1.1428571428571428	1.0	2.0	1.0	1.3333333333333333	0.8421052631578947	1.0	
0.8571428571428571	0.75	1.5	0.75	1.0	0.631578947368421	0.75	
1.3571428571428572	1.1875	2.375	1.1875	1.5833333333333333	1.0	1.1875	
1.1428571428571428	1.0	2.0	1.0	1.3333333333333333	0.8421052631578947	1.0	

Eigen vector: 
0.13861386138613865
0.1584158415841584
0.0792079207920792
0.1584158415841584
0.11881188118811883
0.18811881188118815
0.1584158415841584
Lmax =  7.0
50.55623519293058 7.0
[2.5029662767701053, 2.8605328877372624, 1.4302664438686312, 2.8605328877372624, 2.1453996658029473, 3.3968828041879995, 2.8605328877372624]
IS[0], OS[1]:  (0.0, 0.0)
Result matrix:
0.28248587570621464	0.10653991148991968	0.10687022900763357	0.16209476309226933	0.13861386138613865	
0.22598870056497172	0.12293066710375349	0.15776081424936386	0.1758104738154613	0.1584158415841584	
0.28248587570621464	0.1557121783314211	0.0916030534351145	0.09725685785536159	0.0792079207920792	
0.011299435028248586	0.16390755613833796	0.17048346055979643	0.1384039900249376	0.1584158415841584	
0.08474576271186439	0.13128995246680875	0.14758269720101783	0.1583541147132169	0.11881188118811883	
0.028248587570621465	0.16390755613833796	0.17302798982188292	0.11471321695760602	0.18811881188118815	
0.08474576271186439	0.1557121783314211	0.15267175572519084	0.15336658354114713	0.1584158415841584	
Result vector:
0.15664
0.162198
0.161318
0.12598
0.12573
0.129667
0.138467
1.0 [0.15663973620411079, 0.16219799624482445, 0.16131785462304268, 0.12598028235676823, 0.1257302483450173, 0.12966734789440812, 0.13846653433182834]

Answer =  3
0.2824858757062147	0.10653991148991969	0.10687022900763359	0.16209476309226933	0.13861386138613863	
0.22598870056497175	0.12293066710375349	0.15776081424936386	0.17581047381546136	0.15841584158415842	
0.2824858757062147	0.1557121783314211	0.0916030534351145	0.09725685785536159	0.07920792079207921	
0.011299435028248588	0.163907556138338	0.17048346055979643	0.13840399002493767	0.15841584158415842	
0.0847457627118644	0.13128995246680872	0.1475826972010178	0.15835411471321695	0.1188118811881188	
0.02824858757062147	0.163907556138338	0.17302798982188294	0.11471321695760599	0.18811881188118812	
0.0847457627118644	0.1557121783314211	0.15267175572519084	0.15336658354114713	0.15841584158415842	
1.0186323315010049e-08	1.720542705853261e-08	4.375161788048271e-09	9.758008162457637e-10	4.354618897830907e-09	2.436877862004094e-09	6.899293588845351e-09	

Mul 1.720542705853261e-08 1
0.009731303133547014	0.0111214892954823	0.00556074464774115	0.002643175872589865	0.008341116971611726	0.006607939681474663	0.0111214892954823	
Germejer 0.0111214892954823 1
0.2824858757062147	0.163907556138338	0.17302798982188294	0.17581047381546136	0.18811881188118812	
0.04785472838764066	0.03889350394962256	0.052970169384314585	0.13203469297561787	0.10028724793115823	0.12476125676873401	0.09680258240636769	
Euclid 0.03889350394962256 1
0.06607977505304696	0.05328866435230552	0.06675724856069379	0.06457885887710665	0.05172767036688385	0.06457885938446027	0.061349914965214206	
Aggregation 0.06675724856069379 2 


Real indexes:
Euclid 3
Aggregation 4
Mul 3
Germejer 3
